559.991455078125000 157.778091430664060 
626.807006835937500 150.083953857421870 
633.000000000000000 162.000000000000000 
628.054138183593750 180.792816162109370 
634.111755371093750 199.081253051757810 
585.454711914062500 212.095962524414060 
560.297302246093750 187.716018676757810 
421.617401123046870 185.069961547851560 
465.503326416015620 184.171356201171870 
472.465850830078120 240.246353149414060 
375.000000000000000 194.000000000000000 
330.317291259765620 175.289642333984380 
317.922760009765620 171.457412719726560 
207.634078979492190 183.383712768554690 
172.906921386718750 192.165374755859380 
96.168685913085938 186.332229614257810 
97.459968566894531 198.738006591796870 
275.444519042968750 273.811340332031250 
0.579561650753021 366.058624267578120 
19.501319885253906 363.312561035156250 
24.689590454101563 218.487670898437500 
25.648109436035156 230.442535400390620 
92.850601196289062 227.579483032226560 
97.202285766601563 248.328659057617190 
130.509658813476560 232.490890502929690 
90.198081970214844 259.094177246093750 
81.669250488281250 278.551757812500000 
50.568073272705078 309.407348632812500 
52.699100494384766 325.181030273437500 
395.305694580078130 320.780212402343750 
348.685516357421870 357.603027343750000 
