544.000000000000000 166.000000000000000 
611.788940429687500 168.217025756835940 
619.000000000000000 180.000000000000000 
611.263793945312500 198.552810668945310 
619.192199707031250 216.926025390625000 
570.308166503906250 226.083740234375000 
545.372924804687500 201.679870605468750 
416.200317382812500 191.719940185546880 
485.650390625000000 193.791442871093750 
488.579742431640620 248.616195678710940 
393.566436767578120 197.169433593750000 
345.258941650390620 176.618499755859370 
332.752929687500000 172.351898193359380 
220.581619262695310 178.833328247070310 
152.870452880859370 187.207336425781250 
92.140174865722656 175.500076293945310 
92.681320190429687 189.220016479492190 
315.497436523437500 273.543426513671870 
102.306625366210940 356.734741210937500 
119.899734497070310 354.066833496093750 
18.432067871093750 205.430908203125000 
18.711742401123047 217.780166625976560 
89.340675354003906 218.319869995117190 
92.656898498535156 239.783355712890620 
125.727035522460940 225.312896728515620 
170.272277832031250 248.643325805664060 
163.153945922851560 268.006530761718750 
137.331451416015620 299.385284423828120 
138.423599243164060 317.200958251953120 
499.718231201171870 325.980743408203120 
492.486175537109370 360.929473876953120 
