314.000000000000000 67.000000000000000 
313.080017089843750 79.453254699707031 
286.242828369140630 49.210948944091797 
262.498931884765620 50.623146057128906 
314.026275634765620 103.210075378417970 
345.239837646484370 104.124671936035160 
370.264923095703120 103.192337036132810 
400.865600585937500 104.068321228027340 
427.475952148437500 101.161186218261720 
460.221130371093750 101.293098449707030 
488.540832519531250 98.831230163574219 
523.467102050781250 98.172065734863281 
397.543060302734370 61.956733703613281 
421.073150634765620 60.717296600341797 
446.323455810546870 59.441509246826172 
471.390625000000000 58.164695739746094 
497.560729980468750 56.444469451904297 
220.054763793945310 94.035690307617188 
249.816238403320310 92.756950378417969 
311.550109863281250 150.015243530273440 
262.632751464843750 172.061843872070310 
284.890533447265620 142.695785522460940 
316.000000000000000 186.000000000000000 
317.000000000000000 199.000000000000000 
298.629638671875000 206.736083984375000 
244.315689086914060 182.408828735351560 
191.397171020507810 64.108070373535156 
188.424911499023440 287.086608886718750 
329.094940185546870 414.749572753906250 
340.767395019531250 445.380157470703120 
119.761512756347660 389.388885498046870 
156.994216918945310 146.987152099609370 
156.368118286132810 187.496444702148440 
214.501403808593750 362.790771484375000 
217.287521362304690 124.572105407714840 
215.772476196289060 227.417037963867190 
511.584625244140620 404.123840332031250 
537.204101562500000 405.783081054687500 
422.629882812500000 422.233581542968750 
308.616302490234370 365.827392578125000 
279.616607666015620 327.579223632812500 
303.091522216796870 327.880615234375000 
274.812042236328120 287.915222167968750 
156.573089599609370 377.911712646484370 
197.748168945312500 386.246765136718750 
161.249221801757810 225.723617553710940 
386.747711181640620 160.167953491210940 
454.000000000000000 142.000000000000000 
584.000000000000000 172.000000000000000 
320.365020751953120 304.936096191406250 
329.275878906250000 315.719970703125000 
355.309265136718750 324.673248291015620 
443.916473388671870 365.761627197265620 
564.000000000000000 346.000000000000000 
492.871276855468750 198.853897094726560 
