344.288970947265620 58.936004638671875 
345.236938476562500 72.590759277343750 
313.721679687500000 45.510475158691406 
292.079071044921870 49.406898498535156 
349.434600830078120 96.595436096191406 
379.507873535156250 93.457817077636719 
404.381103515625000 89.459983825683594 
435.530303955078120 87.724388122558594 
462.209808349609370 81.038940429687500 
496.087158203125000 78.388412475585937 
525.059387207031250 71.904960632324219 
562.088317871093750 68.020889282226563 
429.032196044921870 45.426654815673828 
453.551757812500000 41.321018218994141 
477.726074218750000 37.053150177001953 
504.598999023437500 32.347225189208984 
530.650451660156250 27.729454040527344 
253.703338623046880 97.256828308105469 
282.382141113281250 92.691574096679688 
349.772888183593750 143.126922607421870 
301.430938720703120 170.007659912109370 
320.516082763671870 138.621765136718750 
358.000000000000000 179.000000000000000 
360.000000000000000 191.000000000000000 
334.659118652343750 201.132400512695310 
284.191650390625000 182.223831176757810 
170.248016357421870 73.163505554199219 
185.563064575195310 290.078979492187500 
273.304962158203130 405.681732177734370 
267.711059570312500 435.943908691406250 
41.510505676269531 395.111633300781250 
105.104431152343750 159.713592529296870 
108.437500000000000 198.448913574218750 
179.246093750000000 362.782348632812500 
160.220764160156250 132.793685913085940 
169.059906005859370 232.076934814453120 
471.609375000000000 384.102478027343750 
498.670593261718750 384.661071777343750 
364.385009765625000 407.188110351562500 
279.207794189453120 359.607391357421870 
278.111694335937500 323.500610351562500 
301.599121093750000 322.552093505859370 
295.299987792968750 283.716796875000000 
125.467727661132810 381.021118164062500 
160.304885864257810 387.564117431640620 
119.360580444335940 234.428298950195310 
378.268829345703120 148.423126220703130 
410.000000000000000 125.000000000000000 
550.000000000000000 142.000000000000000 
333.011169433593750 296.934020996093750 
335.436126708984370 308.153594970703120 
355.394073486328120 315.644897460937500 
420.004272460937500 350.577423095703120 
546.000000000000000 321.000000000000000 
457.017303466796880 178.678878784179690 
