466.401062011718750 42.665821075439453 
317.714141845703120 65.578521728515625 
281.948760986328120 72.403602600097656 
253.564910888671870 87.598014831542969 
158.839157104492190 451.443450927734370 
155.712921142578120 430.723144531250000 
527.186462402343750 211.803237915039060 
488.693725585937500 329.071105957031250 
610.463012695312500 353.902862548828120 
601.912719726562500 198.523254394531250 
528.432312011718750 69.525390625000000 
536.477294921875000 29.399620056152344 
389.523803710937500 31.391769409179687 
555.595764160156250 287.767364501953120 
574.701232910156250 248.526107788085940 
598.115234375000000 249.437500000000000 
93.089340209960938 292.964324951171870 
119.643531799316410 227.985458374023440 
147.787765502929690 308.654235839843750 
93.093147277832031 125.000198364257810 
115.315391540527340 167.544357299804690 
333.833251953125000 202.770080566406250 
