407.475219726562500 46.113971710205078 
262.566284179687500 70.798698425292969 
226.336639404296880 78.363815307617187 
197.496307373046880 94.259895324707031 
99.251121520996094 467.635162353515620 
95.715728759765625 446.337219238281250 
465.784088134765620 215.675979614257810 
428.309997558593750 334.785369873046870 
556.302246093750000 354.952636718750000 
541.924316406250000 200.511215209960940 
483.571868896484380 70.268203735351563 
489.832855224609370 30.277957916259766 
342.551055908203120 34.029872894287109 
496.215698242187500 291.136199951171870 
514.807556152343750 251.403167724609370 
536.990478515625000 251.631225585937500 
30.908008575439453 307.010406494140620 
56.695827484130859 240.364166259765620 
92.095199584960937 320.789672851562500 
31.753494262695312 134.406127929687500 
50.665328979492188 178.596374511718750 
265.688323974609380 211.449600219726560 
