393.567626953125000 28.603607177734375 
468.293640136718750 273.037506103515620 
183.932006835937500 435.975891113281250 
75.325523376464844 194.932373046875000 
58.446987152099609 129.305343627929690 
231.372543334960940 132.676788330078120 
363.505584716796870 24.452192306518555 
65.991043090820312 267.643493652343750 
120.190528869628910 399.334503173828120 
364.570556640625000 380.270172119140620 
387.557922363281250 412.126190185546870 
386.277893066406250 130.719207763671870 
553.198242187500000 71.101615905761719 
562.000000000000000 53.000000000000000 
237.831115722656250 109.708816528320310 
221.593734741210940 104.726135253906250 
145.032241821289060 191.845474243164060 
88.690071105957031 152.563735961914060 
219.745132446289060 35.152050018310547 
239.917617797851560 13.790260314941406 
345.049530029296870 2.568125486373901 
115.365173339843750 40.219470977783203 
256.798522949218750 271.638000488281250 
203.120437622070310 273.044769287109370 
136.752487182617190 290.535247802734370 
209.991928100585940 361.536407470703120 
281.907257080078120 68.376983642578125 
