508.902374267578120 65.906768798828125 
525.217346191406250 309.785736083984370 
237.447418212890620 457.695648193359380 
172.783554077148440 208.920532226562500 
150.763305664062500 136.348800659179690 
357.298858642578120 164.475219726562500 
480.989715576171870 59.334648132324219 
115.461235046386720 269.534759521484370 
171.638519287109370 413.614227294921870 
421.606567382812500 413.268859863281250 
445.525146484375000 448.752899169921870 
488.181640625000000 168.337280273437500 
608.319641113281250 108.614173889160160 
620.000000000000000 92.000000000000000 
362.876129150390620 140.388641357421870 
347.386901855468750 133.854934692382810 
245.464294433593750 212.145645141601560 
183.649688720703120 164.300033569335940 
344.086456298828120 59.527698516845703 
363.056121826171870 38.366600036621094 
462.598449707031250 34.436954498291016 
234.516143798828130 54.411720275878906 
338.554229736328120 299.518646240234370 
284.126831054687500 296.096099853515620 
210.406097412109370 307.562438964843750 
264.075164794921870 380.889923095703120 
403.859313964843750 99.649238586425781 
