223.703811645507810 22.052461624145508 
199.115798950195310 15.117109298706055 
172.827835083007810 8.400193214416504 
77.548103332519531 33.560459136962891 
226.396118164062500 126.988632202148440 
202.383514404296870 126.526405334472660 
177.574356079101560 124.336433410644530 
148.121887207031250 123.073478698730470 
162.556350708007810 110.324539184570310 
435.153961181640620 115.440025329589840 
459.396118164062500 114.910194396972660 
434.708709716796870 158.726638793945310 
459.615936279296870 158.468063354492190 
435.126434326171870 140.183486938476560 
413.326629638671870 97.775596618652344 
443.000396728515630 204.548446655273440 
443.261230468750000 282.896087646484370 
339.974670410156250 207.979431152343750 
312.000000000000000 201.000000000000000 
328.689147949218750 165.554885864257810 
330.718048095703120 186.727584838867190 
554.717285156250000 242.315490722656250 
501.547607421875000 259.577972412109370 
412.898803710937500 198.533645629882810 
186.639068603515620 134.008789062500000 
186.672393798828120 145.301834106445310 
226.947082519531250 160.160110473632810 
266.365905761718750 318.389434814453120 
