164.705062866210940 15.945440292358398 
137.836151123046880 9.874877929687500 
109.007247924804690 3.833122968673706 
6.193624496459961 32.261589050292969 
172.426071166992190 121.379364013671870 
146.083496093750000 122.112846374511720 
118.911804199218750 120.426551818847660 
86.648086547851562 120.229637145996090 
102.170890808105470 106.408370971679690 
381.173614501953120 103.580917358398440 
404.804962158203120 102.613838195800780 
382.293731689453120 147.038986206054690 
406.202758789062500 146.184158325195310 
382.058013916015620 128.607727050781250 
358.591064453125000 87.109748840332031 
317.946197509765630 196.104675292968750 
322.538299560546870 272.338317871093750 
218.369995117187500 201.726959228515620 
263.000000000000000 190.000000000000000 
296.814117431640620 158.704010009765620 
297.877685546875000 177.662567138671870 
417.522979736328120 229.914428710937500 
401.243255615234370 247.443786621093750 
361.760314941406250 187.980682373046880 
30.156394958496094 135.454986572265620 
31.292610168457031 146.337799072265620 
150.337814331054690 158.482788085937500 
124.830108642578120 314.584228515625000 
