540.483459472656250 334.460845947265620 
553.901306152343750 334.414001464843750 
554.930297851562500 354.364929199218750 
541.900024414062500 354.269165039062500 
520.396667480468750 361.930023193359370 
521.682495117187500 389.499725341796870 
542.611022949218750 312.714141845703120 
511.324066162109370 316.542022705078120 
465.491851806640620 313.538269042968750 
501.610748291015620 245.404159545898440 
500.323242187500000 224.415786743164060 
468.033508300781250 225.902130126953120 
467.006866455078120 247.156875610351560 
460.296630859375000 186.323516845703120 
458.107757568359370 128.145614624023440 
453.783050537109370 44.469169616699219 
53.219669342041016 292.448913574218750 
98.562118530273438 297.941925048828120 
129.360885620117190 287.819580078125000 
46.976440429687500 385.812683105468750 
62.197078704833984 138.397232055664060 
104.982749938964840 158.705093383789060 
112.241615295410160 21.438379287719727 
116.509788513183590 43.630321502685547 
111.259231567382810 85.945304870605469 
67.210525512695312 58.314979553222656 
56.664806365966797 212.540420532226560 
103.842544555664060 224.441909790039060 
158.854400634765620 58.997203826904297 
186.239288330078120 80.354461669921875 
186.237823486328120 134.305969238281250 
156.459594726562500 115.481101989746090 
225.494934082031250 111.349845886230470 
243.697906494140620 125.624168395996090 
244.679244995117190 170.762771606445310 
224.023895263671870 158.352127075195310 
153.710067749023440 180.638336181640620 
181.748046875000000 193.354217529296870 
182.597198486328120 249.091751098632810 
150.544189453125000 239.546386718750000 
266.539245605468750 144.535018920898440 
280.287384033203120 155.392089843750000 
281.712524414062500 194.699859619140620 
266.241455078125000 185.195083618164060 
223.006072998046870 211.538833618164060 
241.585113525390620 220.519897460937500 
221.720718383789060 262.130279541015620 
242.746917724609370 267.226928710937500 
265.904144287109370 231.822280883789060 
279.666259765625000 238.441711425781250 
281.521759033203120 278.989227294921870 
265.351165771484370 274.688720703125000 
409.160583496093750 303.840332031250000 
420.893341064453120 362.413848876953120 
420.000000000000000 317.000000000000000 
383.435577392578120 316.529113769531250 
346.345245361328120 101.369354248046870 
257.775634765625000 54.540569305419922 
272.298187255859370 69.287559509277344 
234.719421386718750 28.919906616210937 
215.766403198242190 9.149008750915527 
326.303771972656250 303.309997558593750 
318.000000000000000 314.000000000000000 
242.221923828125000 384.727874755859370 
242.006103515625000 347.880096435546870 
280.846527099609370 346.498168945312500 
