604.702392578125000 335.633758544921880 
618.923217773437500 333.841613769531250 
623.465515136718750 353.757659912109370 
609.204162597656250 355.657318115234370 
587.395263671875000 366.284973144531250 
593.341430664062500 394.158569335937500 
581.321655273437500 315.369659423828120 
548.536376953125000 323.430023193359380 
503.454193115234370 325.894104003906250 
529.716247558593750 253.102310180664060 
525.169860839843750 232.225616455078120 
489.954223632812500 238.700347900390620 
494.424591064453120 259.000091552734370 
480.535278320312500 199.102813720703120 
470.169525146484370 141.152603149414060 
454.506713867187500 60.416328430175781 
103.476669311523440 352.112091064453120 
146.144500732421870 352.576049804687500 
173.955444335937500 339.033355712890620 
107.849960327148440 447.301330566406250 
94.791671752929688 197.672241210937500 
136.262298583984380 212.768249511718750 
127.753822326660160 77.877510070800781 
133.898895263671880 98.684051513671875 
134.031951904296880 140.765090942382810 
90.858718872070313 118.609161376953120 
97.816055297851563 271.755615234375000 
142.789794921875000 278.323638916015620 
174.517425537109370 109.427978515625000 
201.805358886718750 127.153968811035160 
207.956176757812500 180.135589599609370 
179.112106323242190 164.843093872070310 
241.144088745117190 152.883255004882810 
259.546386718750000 164.935653686523440 
265.880249023437500 209.384658813476560 
245.486312866210940 199.283020019531250 
183.576751708984370 229.035354614257810 
210.879913330078120 238.708740234375000 
218.224319458007810 294.034881591796870 
187.505142211914060 288.567596435546870 
282.898986816406250 181.286026000976560 
296.671417236328120 190.260131835937500 
302.621948242187500 228.910308837890630 
287.250671386718750 220.696823120117190 
250.798492431640620 252.261642456054690 
269.153869628906250 259.181213378906250 
255.982971191406250 302.522857666015620 
275.897705078125000 305.471038818359370 
292.965911865234370 267.730560302734370 
306.514312744140620 272.656799316406250 
313.200347900390620 312.864776611328120 
297.519897460937500 310.355804443359370 
456.733276367187500 321.575683593750000 
476.460845947265620 379.184204101562500 
469.000000000000000 334.000000000000000 
442.177307128906250 336.221954345703120 
348.157196044921870 129.813766479492190 
263.307434082031250 93.986312866210938 
278.307983398437500 106.899642944335940 
239.177001953125000 71.647537231445313 
219.644515991210940 54.600879669189453 
398.244628906250000 326.696319580078130 
390.000000000000000 340.000000000000000 
321.705169677734370 421.631500244140620 
317.772949218750000 383.541320800781250 
356.523223876953120 378.663970947265620 
